wloc2_l1 = [	0		300		840		700;...
			840		300		840		700;];
        
wloc3_l1 = [	0		500		600		500;...
			600		500		600		500;...
			1200		500		600		500;];
        
wloc3_l2 = [ 0		0		600		500;...
			600		0		600		500;...
			1200		0		600		500;];

wloc4_l1 = [	0		600		480		400;...
			480		600		480		400;...
			960		600		480		400;...
			1440		600		480		400;];
        
wloc4_l2 = [ 0		100		480		400;...
			480		100		480		400;...
			960		100		480		400;...
			1440		100		480		400;];
        
wloc5_l1 = [ 0		700		360		300;...
			360		700		360		300;...
			720		700		360		300;...
			1080		700		360		300;...
			1440		700		360		300;];
        
wloc5_l2 = [ 0		350		360		300;...
			360		350		360		300;...
			720		350		360		300;...
			1080		350		360		300;...
			1440		350		360		300;];
        
wloc5_l3 = [ 0		0		360		300;...
			360		0		360		300;...
			720		0		360		300;...
			1080		0		360		300;...
			1440		0		360		300;];
        

